real main.IncomeDelay[1](t) = [
1971, 
         9690,
1972, 
         9380,
1973, 
         9070,
1974, 
         8760,
1975, 
         8450,
1976, 
         8140,
1977, 
         7830,
1978, 
         7520,
1979, 
         7210,
1980, 
         6900,
1981, 
         6590,
1982, 
         6280,
1983, 
         5970,
1984, 
         5660,
1985, 
         5350,
1986, 
         5040,
1987, 
         4730,
1988, 
         4420,
1989, 
         4110,
1990, 
         3800,
1991, 
         3490,
1992, 
         3180,
1993, 
         2870,
1994, 
         2560,
1995, 
         2250,
1996, 
         1940,
1997, 
         1630,
1998, 
         1320,
1999, 
         1010,
2000, 
          700,
2001, 
          700,
2002, 
          700,
2003, 
          700,
2004, 
          700,
2005, 
          700,
2006, 
          700,
2007, 
          700,
2008, 
          700,
2009, 
          700,
2010, 
          700,
2011, 
          700,
2012, 
          700,
2013, 
          700,
2014, 
          700,
2015, 
          700,
2016, 
          700,
2017, 
          700,
2018, 
          700,
2019, 
          700,
2020, 
          700,
2021, 
          700,
2022, 
          700,
2023, 
          700,
2024, 
          700,
2025, 
          700,
2026, 
          700,
2027, 
          700,
2028, 
          700,
2029, 
          700,
2030, 
          700,
2031, 
          700,
2032, 
          700,
2033, 
          700,
2034, 
          700,
2035, 
          700,
2036, 
          700,
2037, 
          700,
2038, 
          700,
2039, 
          700,
2040, 
          700,
2041, 
          700,
2042, 
          700,
2043, 
          700,
2044, 
          700,
2045, 
          700,
2046, 
          700,
2047, 
          700,
2048, 
          700,
2049, 
          700,
2050, 
          700
];
