real main.em.dem.res.appl.UEC[27,13,11](t) = [
1971,         
25.80376,     55.55556,     400,          1603.864,     100,          530.8,        491.8262,     444.96,       180,          100,          200,          
25.80376,     55.55556,     400,          1603.864,     100,          530.8,        491.8262,     444.96,       180,          100,          200,          
25.80376,     55.55556,     400,          1603.864,     100,          530.8,        491.8262,     444.96,       180,          100,          200,          
25.80376,     55.55556,     400,          1603.864,     100,          530.8,        491.8262,     444.96,       180,          100,          200,          
25.80376,     55.55556,     400,          1603.864,     100,          530.8,        491.8262,     444.96,       180,          100,          200,          
25.80376,     55.55556,     400,          1603.864,     100,          530.8,        491.8262,     444.96,       180,          100,          200,          
25.80376,     55.55556,     400,          1603.864,     100,          530.8,        491.8262,     444.96,       180,          100,          200,          
25.80376,     58.80365,     423.3863,     1603.864,     100,          530.8,        491.8262,     444.96,       180,          100,          200,          
25.80376,     55.55556,     400,          1603.864,     100,          530.8,        491.8262,     444.96,       180,          100,          200,          
25.80376,     55.55556,     400,          1603.864,     100,          530.8,        491.8262,     444.96,       180,          100,          200,          
25.80376,     55.55556,     400,          1603.864,     100,          530.8,        491.8262,     444.96,       180,          100,          200,          
25.80376,     55.55556,     400,          1603.864,     100,          530.8,        491.8262,     444.96,       180,          100,          200,          
25.80376,     55.55556,     400,          1603.864,     100,          530.8,        491.8262,     444.96,       180,          100,          200,          

48.76231,     388.7598,     2799.071,     1603.864,     100,          530.8,        491.8262,     444.96,       180,          100,          200,          
48.76231,     395.5782,     2848.163,     1603.864,     100,          530.8,        491.8262,     444.96,       180,          100,          200,          
48.76231,     357.142,      2571.422,     1603.864,     100,          530.8,        491.8262,     444.96,       180,          100,          200,          
48.76231,     262.0616,     1886.843,     1603.864,     100,          530.8,        491.8262,     444.96,       180,          100,          200,          
48.76231,     323.6857,     2330.537,     1603.864,     100,          530.8,        491.8262,     444.96,       180,          100,          200,          
48.76231,     364.3395,     2623.245,     1603.864,     100,          530.8,        491.8262,     444.96,       180,          100,          200,          
48.76231,     405.4482,     2919.228,     1603.864,     100,          530.8,        491.8262,     444.96,       180,          100,          200,          
48.76231,     479.5399,     3452.688,     1603.864,     100,          530.8,        491.8262,     444.96,       180,          100,          200,          
48.76231,     226.454,      1630.469,     1603.864,     100,          530.8,        491.8262,     444.96,       180,          100,          200,          
48.76231,     287.061,      2066.839,     1603.864,     100,          530.8,        491.8262,     444.96,       180,          100,          200,          
48.76231,     326.9991,     2354.394,     1603.864,     100,          530.8,        491.8262,     444.96,       180,          100,          200,          
48.76231,     367.3763,     2645.11,      1603.864,     100,          530.8,        491.8262,     444.96,       180,          100,          200,          
48.76231,     440.0027,     3168.019,     1603.864,     100,          530.8,        491.8262,     444.96,       180,          100,          200,          

65.30598,     477.4336,     3437.522,     609.8723,     100,          530.8,        491.8262,     444.96,       180,          100,          200,          
65.30598,     503.452,      3624.854,     609.8723,     100,          530.8,        491.8262,     444.96,       180,          100,          200,          
65.30598,     354.6431,     2553.43,      609.8723,     100,          530.8,        491.8262,     444.96,       180,          100,          200,          
65.30598,     285.0626,     2052.45,      609.8723,     100,          530.8,        491.8262,     444.96,       180,          100,          200,          
65.30598,     385.708,      2777.097,     609.8723,     100,          530.8,        491.8262,     444.96,       180,          100,          200,          
65.30598,     452.1277,     3255.32,      609.8723,     100,          530.8,        491.8262,     444.96,       180,          100,          200,          
65.30598,     519.2949,     3738.923,     609.8723,     100,          530.8,        491.8262,     444.96,       180,          100,          200,          
65.30598,     640.4301,     4611.096,     609.8723,     100,          530.8,        491.8262,     444.96,       180,          100,          200,          
65.30598,     131.9798,     950.2545,     609.8723,     100,          530.8,        491.8262,     444.96,       180,          100,          200,          
65.30598,     234.146,      1685.851,     609.8723,     100,          530.8,        491.8262,     444.96,       180,          100,          200,          
65.30598,     301.6384,     2171.796,     609.8723,     100,          530.8,        491.8262,     444.96,       180,          100,          200,          
65.30598,     369.9026,     2663.299,     609.8723,     100,          530.8,        491.8262,     444.96,       180,          100,          200,          
65.30598,     493.2475,     3551.382,     609.8723,     100,          530.8,        491.8262,     444.96,       180,          100,          200,          

107.2371,     889.2005,     6402.243,     609.8723,     100,          530.8,        491.8262,     444.96,       180,          100,          200,          
107.2371,     987.3414,     7108.858,     609.8723,     100,          530.8,        491.8262,     444.96,       180,          100,          200,          
107.2371,     749.2505,     5394.604,     609.8723,     100,          530.8,        491.8262,     444.96,       180,          100,          200,          
107.2371,     447.8804,     3224.739,     609.8723,     100,          530.8,        491.8262,     444.96,       180,          100,          200,          
107.2371,     683.5256,     4921.385,     609.8723,     100,          530.8,        491.8262,     444.96,       180,          100,          200,          
107.2371,     840.9714,     6054.994,     609.8723,     100,          530.8,        491.8262,     444.96,       180,          100,          200,          
107.2371,     1000.546,     7203.928,     609.8723,     100,          530.8,        491.8262,     444.96,       180,          100,          200,          
107.2371,     1295.3,       9326.16,      609.8723,     100,          530.8,        491.8262,     444.96,       180,          100,          200,          
107.2371,     136.4433,     982.3917,     609.8723,     100,          530.8,        491.8262,     444.96,       180,          100,          200,          
107.2371,     395.3429,     2846.469,     609.8723,     100,          530.8,        491.8262,     444.96,       180,          100,          200,          
107.2371,     569.635,      4101.372,     609.8723,     100,          530.8,        491.8262,     444.96,       180,          100,          200,          
107.2371,     746.5363,     5375.061,     609.8723,     100,          530.8,        491.8262,     444.96,       180,          100,          200,          
107.2371,     1078.581,     7765.783,     609.8723,     100,          530.8,        491.8262,     444.96,       180,          100,          200,          

94.27621,     667.3291,     4804.77,      609.8723,     100,          530.8,        491.8262,     444.96,       180,          100,          200,          
94.27621,     694.7745,     5002.376,     609.8723,     100,          530.8,        491.8262,     444.96,       180,          100,          200,          
94.27621,     437.2106,     3147.916,     609.8723,     100,          530.8,        491.8262,     444.96,       180,          100,          200,          
94.27621,     177.4968,     1277.977,     609.8723,     100,          530.8,        491.8262,     444.96,       180,          100,          200,          
94.27621,     396.2689,     2853.136,     609.8723,     100,          530.8,        491.8262,     444.96,       180,          100,          200,          
94.27621,     543.5121,     3913.287,     609.8723,     100,          530.8,        491.8262,     444.96,       180,          100,          200,          
94.27621,     692.9525,     4989.258,     609.8723,     100,          530.8,        491.8262,     444.96,       180,          100,          200,          
94.27621,     973.3061,     7007.804,     609.8723,     100,          530.8,        491.8262,     444.96,       180,          100,          200,          
94.27621,     55.55556,     400,          609.8723,     100,          530.8,        491.8262,     444.96,       180,          100,          200,          
94.27621,     174.4029,     1255.701,     609.8723,     100,          530.8,        491.8262,     444.96,       180,          100,          200,          
94.27621,     309.6807,     2229.701,     609.8723,     100,          530.8,        491.8262,     444.96,       180,          100,          200,          
94.27621,     446.8127,     3217.051,     609.8723,     100,          530.8,        491.8262,     444.96,       180,          100,          200,          
94.27621,     700.6329,     5044.557,     609.8723,     100,          530.8,        491.8262,     444.96,       180,          100,          200,          

68.42763,     527.1696,     3795.621,     609.8723,     100,          530.8,        491.8262,     444.96,       180,          100,          200,          
68.42763,     570.2458,     4105.77,      609.8723,     100,          530.8,        491.8262,     444.96,       180,          100,          200,          
68.42763,     385.0172,     2772.124,     609.8723,     100,          530.8,        491.8262,     444.96,       180,          100,          200,          
68.42763,     168.8466,     1215.696,     609.8723,     100,          530.8,        491.8262,     444.96,       180,          100,          200,          
68.42763,     329.712,      2373.927,     609.8723,     100,          530.8,        491.8262,     444.96,       180,          100,          200,          
68.42763,     439.278,      3162.802,     609.8723,     100,          530.8,        491.8262,     444.96,       180,          100,          200,          
68.42763,     550.7427,     3965.348,     609.8723,     100,          530.8,        491.8262,     444.96,       180,          100,          200,          
68.42763,     765.7621,     5513.487,     609.8723,     100,          530.8,        491.8262,     444.96,       180,          100,          200,          
68.42763,     55.55556,     400,          609.8723,     100,          530.8,        491.8262,     444.96,       180,          100,          200,          
68.42763,     180.7592,     1301.466,     609.8723,     100,          530.8,        491.8262,     444.96,       180,          100,          200,          
68.42763,     279.2857,     2010.857,     609.8723,     100,          530.8,        491.8262,     444.96,       180,          100,          200,          
68.42763,     379.3474,     2731.301,     609.8723,     100,          530.8,        491.8262,     444.96,       180,          100,          200,          
68.42763,     568.47,       4092.984,     609.8723,     100,          530.8,        491.8262,     444.96,       180,          100,          200,          

68.3143,      320.6611,     2308.76,      609.8723,     100,          530.8,        491.8262,     444.96,       180,          100,          200,          
68.3143,      361.7754,     2604.783,     609.8723,     100,          530.8,        491.8262,     444.96,       180,          100,          200,          
68.3143,      253.4919,     1825.142,     609.8723,     100,          530.8,        491.8262,     444.96,       180,          100,          200,          
68.3143,      186.7795,     1344.812,     609.8723,     100,          530.8,        491.8262,     444.96,       180,          100,          200,          
68.3143,      272.4002,     1961.281,     609.8723,     100,          530.8,        491.8262,     444.96,       180,          100,          200,          
68.3143,      328.1088,     2362.384,     609.8723,     100,          530.8,        491.8262,     444.96,       180,          100,          200,          
68.3143,      384.3083,     2767.02,      609.8723,     100,          530.8,        491.8262,     444.96,       180,          100,          200,          
68.3143,      483.2339,     3479.284,     609.8723,     100,          530.8,        491.8262,     444.96,       180,          100,          200,          
68.3143,      106.8492,     769.314,      609.8723,     100,          530.8,        491.8262,     444.96,       180,          100,          200,          
68.3143,      180.9037,     1302.507,     609.8723,     100,          530.8,        491.8262,     444.96,       180,          100,          200,          
68.3143,      228.7195,     1646.781,     609.8723,     100,          530.8,        491.8262,     444.96,       180,          100,          200,          
68.3143,      276.8967,     1993.656,     609.8723,     100,          530.8,        491.8262,     444.96,       180,          100,          200,          
68.3143,      360.6994,     2597.036,     609.8723,     100,          530.8,        491.8262,     444.96,       180,          100,          200,          

143.1912,     701.1993,     5048.635,     609.8723,     100,          530.8,        491.8262,     444.96,       180,          100,          200,          
143.1912,     804.7897,     5794.486,     609.8723,     100,          530.8,        491.8262,     444.96,       180,          100,          200,          
143.1912,     619.5596,     4460.829,     609.8723,     100,          530.8,        491.8262,     444.96,       180,          100,          200,          
143.1912,     202.5038,     1458.027,     609.8723,     100,          530.8,        491.8262,     444.96,       180,          100,          200,          
143.1912,     481.2411,     3464.936,     609.8723,     100,          530.8,        491.8262,     444.96,       180,          100,          200,          
143.1912,     665.0092,     4788.066,     609.8723,     100,          530.8,        491.8262,     444.96,       180,          100,          200,          
143.1912,     850.813,      6125.854,     609.8723,     100,          530.8,        491.8262,     444.96,       180,          100,          200,          
143.1912,     1185.309,     8534.224,     609.8723,     100,          530.8,        491.8262,     444.96,       180,          100,          200,          
143.1912,     68.42368,     492.6505,     609.8723,     100,          530.8,        491.8262,     444.96,       180,          100,          200,          
143.1912,     328.4491,     2364.834,     609.8723,     100,          530.8,        491.8262,     444.96,       180,          100,          200,          
143.1912,     499.1057,     3593.561,     609.8723,     100,          530.8,        491.8262,     444.96,       180,          100,          200,          
143.1912,     671.5172,     4834.924,     609.8723,     100,          530.8,        491.8262,     444.96,       180,          100,          200,          
143.1912,     979.424,      7051.853,     609.8723,     100,          530.8,        491.8262,     444.96,       180,          100,          200,          

83.02122,     274.356,      1975.364,     609.8723,     100,          530.8,        491.8262,     444.96,       180,          100,          200,          
83.02122,     388.2673,     2795.524,     609.8723,     100,          530.8,        491.8262,     444.96,       180,          100,          200,          
83.02122,     247.2552,     1780.237,     609.8723,     100,          530.8,        491.8262,     444.96,       180,          100,          200,          
83.02122,     55.55556,     400,          609.8723,     100,          530.8,        491.8262,     444.96,       180,          100,          200,          
83.02122,     203.8405,     1467.652,     609.8723,     100,          530.8,        491.8262,     444.96,       180,          100,          200,          
83.02122,     304.5758,     2192.946,     609.8723,     100,          530.8,        491.8262,     444.96,       180,          100,          200,          
83.02122,     406.5291,     2927.01,      609.8723,     100,          530.8,        491.8262,     444.96,       180,          100,          200,          
83.02122,     592.0078,     4262.457,     609.8723,     100,          530.8,        491.8262,     444.96,       180,          100,          200,          
83.02122,     55.55556,     400,          609.8723,     100,          530.8,        491.8262,     444.96,       180,          100,          200,          
83.02122,     118.9379,     856.353,      609.8723,     100,          530.8,        491.8262,     444.96,       180,          100,          200,          
83.02122,     197.0566,     1418.808,     609.8723,     100,          530.8,        491.8262,     444.96,       180,          100,          200,          
83.02122,     275.9071,     1986.531,     609.8723,     100,          530.8,        491.8262,     444.96,       180,          100,          200,          
83.02122,     415.454,      2991.269,     609.8723,     100,          530.8,        491.8262,     444.96,       180,          100,          200,          

44.46275,     230.8465,     1662.095,     609.8723,     100,          530.8,        491.8262,     444.96,       180,          100,          200,          
44.46275,     259.8063,     1870.605,     609.8723,     100,          530.8,        491.8262,     444.96,       180,          100,          200,          
44.46275,     172.4863,     1241.901,     609.8723,     100,          530.8,        491.8262,     444.96,       180,          100,          200,          
44.46275,     115.1806,     829.3007,     609.8723,     100,          530.8,        491.8262,     444.96,       180,          100,          200,          
44.46275,     177.93,       1281.096,     609.8723,     100,          530.8,        491.8262,     444.96,       180,          100,          200,          
44.46275,     219.9202,     1583.426,     609.8723,     100,          530.8,        491.8262,     444.96,       180,          100,          200,          
44.46275,     262.4904,     1889.931,     609.8723,     100,          530.8,        491.8262,     444.96,       180,          100,          200,          
44.46275,     341.3732,     2457.887,     609.8723,     100,          530.8,        491.8262,     444.96,       180,          100,          200,          
44.46275,     55.55556,     400,          609.8723,     100,          530.8,        491.8262,     444.96,       180,          100,          200,          
44.46275,     97.52578,     702.1856,     609.8723,     100,          530.8,        491.8262,     444.96,       180,          100,          200,          
44.46275,     137.0947,     987.0815,     609.8723,     100,          530.8,        491.8262,     444.96,       180,          100,          200,          
44.46275,     177.1783,     1275.684,     609.8723,     100,          530.8,        491.8262,     444.96,       180,          100,          200,          
44.46275,     250.8138,     1805.859,     609.8723,     100,          530.8,        491.8262,     444.96,       180,          100,          200,          

27.93249,     75.30876,     542.2231,     788.1685,     100,          530.8,        491.8262,     444.96,       180,          100,          200,          
27.93249,     76.75716,     552.6516,     788.1685,     100,          530.8,        491.8262,     444.96,       180,          100,          200,          
27.93249,     72.90436,     524.9114,     788.1685,     100,          530.8,        491.8262,     444.96,       180,          100,          200,          
27.93249,     60.0328,      432.2362,     788.1685,     100,          530.8,        491.8262,     444.96,       180,          100,          200,          
27.93249,     68.5815,      493.7868,     788.1685,     100,          530.8,        491.8262,     444.96,       180,          100,          200,          
27.93249,     74.08495,     533.4116,     788.1685,     100,          530.8,        491.8262,     444.96,       180,          100,          200,          
27.93249,     79.62738,     573.3171,     788.1685,     100,          530.8,        491.8262,     444.96,       180,          100,          200,          
27.93249,     89.22609,     642.4279,     788.1685,     100,          530.8,        491.8262,     444.96,       180,          100,          200,          
27.93249,     56.18,        404.496,      788.1685,     100,          530.8,        491.8262,     444.96,       180,          100,          200,          
27.93249,     64.7287,      466.0466,     788.1685,     100,          530.8,        491.8262,     444.96,       180,          100,          200,          
27.93249,     70.23214,     505.6714,     788.1685,     100,          530.8,        491.8262,     444.96,       180,          100,          200,          
27.93249,     75.77457,     545.577,      788.1685,     100,          530.8,        491.8262,     444.96,       180,          100,          200,          
27.93249,     85.37329,     614.6877,     788.1685,     100,          530.8,        491.8262,     444.96,       180,          100,          200,          

27.09749,     55.55556,     400,          609.8723,     100,          530.8,        491.8262,     444.96,       180,          100,          200,          
27.09749,     56.05727,     403.6123,     609.8723,     100,          530.8,        491.8262,     444.96,       180,          100,          200,          
27.09749,     55.55556,     400,          609.8723,     100,          530.8,        491.8262,     444.96,       180,          100,          200,          
27.09749,     55.55556,     400,          609.8723,     100,          530.8,        491.8262,     444.96,       180,          100,          200,          
27.09749,     55.55556,     400,          609.8723,     100,          530.8,        491.8262,     444.96,       180,          100,          200,          
27.09749,     55.55556,     400,          609.8723,     100,          530.8,        491.8262,     444.96,       180,          100,          200,          
27.09749,     58.48323,     421.0793,     609.8723,     100,          530.8,        491.8262,     444.96,       180,          100,          200,          
27.09749,     67.9356,      489.1363,     609.8723,     100,          530.8,        491.8262,     444.96,       180,          100,          200,          
27.09749,     55.55556,     400,          609.8723,     100,          530.8,        491.8262,     444.96,       180,          100,          200,          
27.09749,     55.55556,     400,          609.8723,     100,          530.8,        491.8262,     444.96,       180,          100,          200,          
27.09749,     55.55556,     400,          609.8723,     100,          530.8,        491.8262,     444.96,       180,          100,          200,          
27.09749,     55.73367,     401.2824,     609.8723,     100,          530.8,        491.8262,     444.96,       180,          100,          200,          
27.09749,     65.61201,     472.4065,     609.8723,     100,          530.8,        491.8262,     444.96,       180,          100,          200,          

37.86431,     155.1276,     1116.919,     609.8723,     100,          530.8,        491.8262,     444.96,       180,          100,          200,          
37.86431,     160.7079,     1157.097,     609.8723,     100,          530.8,        491.8262,     444.96,       180,          100,          200,          
37.86431,     145.8669,     1050.242,     609.8723,     100,          530.8,        491.8262,     444.96,       180,          100,          200,          
37.86431,     99.74004,     718.1282,     609.8723,     100,          530.8,        491.8262,     444.96,       180,          100,          200,          
37.86431,     129.4063,     931.7253,     609.8723,     100,          530.8,        491.8262,     444.96,       180,          100,          200,          
37.86431,     148.734,      1070.885,     609.8723,     100,          530.8,        491.8262,     444.96,       180,          100,          200,          
37.86431,     168.2363,     1211.301,     609.8723,     100,          530.8,        491.8262,     444.96,       180,          100,          200,          
37.86431,     202.6384,     1458.997,     609.8723,     100,          530.8,        491.8262,     444.96,       180,          100,          200,          
37.86431,     88.99415,     640.7579,     609.8723,     100,          530.8,        491.8262,     444.96,       180,          100,          200,          
37.86431,     117.0331,     842.6386,     609.8723,     100,          530.8,        491.8262,     444.96,       180,          100,          200,          
37.86431,     135.2431,     973.7507,     609.8723,     100,          530.8,        491.8262,     444.96,       180,          100,          200,          
37.86431,     153.6081,     1105.978,     609.8723,     100,          530.8,        491.8262,     444.96,       180,          100,          200,          
37.86431,     185.8409,     1338.055,     609.8723,     100,          530.8,        491.8262,     444.96,       180,          100,          200,          

28.91723,     62.1728,      447.6441,     609.8723,     100,          530.8,        491.8262,     444.96,       180,          100,          200,          
28.91723,     63.05416,     453.99,       609.8723,     100,          530.8,        491.8262,     444.96,       180,          100,          200,          
28.91723,     60.40395,     434.9084,     609.8723,     100,          530.8,        491.8262,     444.96,       180,          100,          200,          
28.91723,     55.55556,     400,          609.8723,     100,          530.8,        491.8262,     444.96,       180,          100,          200,          
28.91723,     55.55556,     400,          609.8723,     100,          530.8,        491.8262,     444.96,       180,          100,          200,          
28.91723,     59.38135,     427.5457,     609.8723,     100,          530.8,        491.8262,     444.96,       180,          100,          200,          
28.91723,     66.42467,     478.2576,     609.8723,     100,          530.8,        491.8262,     444.96,       180,          100,          200,          
28.91723,     78.68858,     566.5577,     609.8723,     100,          530.8,        491.8262,     444.96,       180,          100,          200,          
28.91723,     55.55556,     400,          609.8723,     100,          530.8,        491.8262,     444.96,       180,          100,          200,          
28.91723,     55.55556,     400,          609.8723,     100,          530.8,        491.8262,     444.96,       180,          100,          200,          
28.91723,     56.27205,     405.1588,     609.8723,     100,          530.8,        491.8262,     444.96,       180,          100,          200,          
28.91723,     63.74435,     458.9594,     609.8723,     100,          530.8,        491.8262,     444.96,       180,          100,          200,          
28.91723,     76.81229,     553.0485,     609.8723,     100,          530.8,        491.8262,     444.96,       180,          100,          200,          

43.25448,     171.5298,     1235.014,     609.8723,     100,          530.8,        491.8262,     444.96,       180,          100,          200,          
43.25448,     185.6331,     1336.558,     609.8723,     100,          530.8,        491.8262,     444.96,       180,          100,          200,          
43.25448,     158.7979,     1143.344,     609.8723,     100,          530.8,        491.8262,     444.96,       180,          100,          200,          
43.25448,     104.2927,     750.9077,     609.8723,     100,          530.8,        491.8262,     444.96,       180,          100,          200,          
43.25448,     143.9389,     1036.36,      609.8723,     100,          530.8,        491.8262,     444.96,       180,          100,          200,          
43.25448,     169.758,      1222.258,     609.8723,     100,          530.8,        491.8262,     444.96,       180,          100,          200,          
43.25448,     195.8086,     1409.822,     609.8723,     100,          530.8,        491.8262,     444.96,       180,          100,          200,          
43.25448,     241.7321,     1740.471,     609.8723,     100,          530.8,        491.8262,     444.96,       180,          100,          200,          
43.25448,     84.36134,     607.4017,     609.8723,     100,          530.8,        491.8262,     444.96,       180,          100,          200,          
43.25448,     121.2475,     872.9822,     609.8723,     100,          530.8,        491.8262,     444.96,       180,          100,          200,          
43.25448,     145.1738,     1045.252,     609.8723,     100,          530.8,        491.8262,     444.96,       180,          100,          200,          
43.25448,     169.2988,     1218.952,     609.8723,     100,          530.8,        491.8262,     444.96,       180,          100,          200,          
43.25448,     211.5595,     1523.228,     609.8723,     100,          530.8,        491.8262,     444.96,       180,          100,          200,          

27.65313,     55.9443,      402.799,      609.8723,     100,          530.8,        491.8262,     444.96,       180,          100,          200,          
27.65313,     56.5018,      406.813,      609.8723,     100,          530.8,        491.8262,     444.96,       180,          100,          200,          
27.65313,     55.55556,     400,          609.8723,     100,          530.8,        491.8262,     444.96,       180,          100,          200,          
27.65313,     55.55556,     400,          609.8723,     100,          530.8,        491.8262,     444.96,       180,          100,          200,          
27.65313,     55.55556,     400,          609.8723,     100,          530.8,        491.8262,     444.96,       180,          100,          200,          
27.65313,     55.55556,     400,          609.8723,     100,          530.8,        491.8262,     444.96,       180,          100,          200,          
27.65313,     59.22149,     426.3947,     609.8723,     100,          530.8,        491.8262,     444.96,       180,          100,          200,          
27.65313,     68.04973,     489.958,      609.8723,     100,          530.8,        491.8262,     444.96,       180,          100,          200,          
27.65313,     55.55556,     400,          609.8723,     100,          530.8,        491.8262,     444.96,       180,          100,          200,          
27.65313,     55.55556,     400,          609.8723,     100,          530.8,        491.8262,     444.96,       180,          100,          200,          
27.65313,     55.55556,     400,          609.8723,     100,          530.8,        491.8262,     444.96,       180,          100,          200,          
27.65313,     57.14413,     411.4377,     609.8723,     100,          530.8,        491.8262,     444.96,       180,          100,          200,          
27.65313,     67.09673,     483.0964,     609.8723,     100,          530.8,        491.8262,     444.96,       180,          100,          200,          

81.42155,     493.483,      3553.077,     609.8723,     100,          530.8,        491.8262,     444.96,       180,          100,          200,          
81.42155,     596.4736,     4294.61,      609.8723,     100,          530.8,        491.8262,     444.96,       180,          100,          200,          
81.42155,     402.8665,     2900.639,     609.8723,     100,          530.8,        491.8262,     444.96,       180,          100,          200,          
81.42155,     275.8714,     1986.274,     609.8723,     100,          530.8,        491.8262,     444.96,       180,          100,          200,          
81.42155,     421.4117,     3034.165,     609.8723,     100,          530.8,        491.8262,     444.96,       180,          100,          200,          
81.42155,     517.7971,     3728.139,     609.8723,     100,          530.8,        491.8262,     444.96,       180,          100,          200,          
81.42155,     615.3278,     4430.36,      609.8723,     100,          530.8,        491.8262,     444.96,       180,          100,          200,          
81.42155,     792.3716,     5705.076,     609.8723,     100,          530.8,        491.8262,     444.96,       180,          100,          200,          
81.42155,     172.2857,     1240.457,     609.8723,     100,          530.8,        491.8262,     444.96,       180,          100,          200,          
81.42155,     284.5595,     2048.828,     609.8723,     100,          530.8,        491.8262,     444.96,       180,          100,          200,          
81.42155,     357.6945,     2575.4,       609.8723,     100,          530.8,        491.8262,     444.96,       180,          100,          200,          
81.42155,     431.488,      3106.713,     609.8723,     100,          530.8,        491.8262,     444.96,       180,          100,          200,          
81.42155,     561.6263,     4043.71,      609.8723,     100,          530.8,        491.8262,     444.96,       180,          100,          200,          

137.1772,     468.944,      3376.396,     609.8723,     100,          530.8,        491.8262,     444.96,       180,          100,          200,          
137.1772,     616.8015,     4440.97,      609.8723,     100,          530.8,        491.8262,     444.96,       180,          100,          200,          
137.1772,     389.6191,     2805.258,     609.8723,     100,          530.8,        491.8262,     444.96,       180,          100,          200,          
137.1772,     194.161,      1397.959,     609.8723,     100,          530.8,        491.8262,     444.96,       180,          100,          200,          
137.1772,     402.2268,     2896.033,     609.8723,     100,          530.8,        491.8262,     444.96,       180,          100,          200,          
137.1772,     537.4031,     3869.302,     609.8723,     100,          530.8,        491.8262,     444.96,       180,          100,          200,          
137.1772,     673.737,      4850.907,     609.8723,     100,          530.8,        491.8262,     444.96,       180,          100,          200,          
137.1772,     913.153,      6574.701,     609.8723,     100,          530.8,        491.8262,     444.96,       180,          100,          200,          
137.1772,     55.55556,     400,          609.8723,     100,          530.8,        491.8262,     444.96,       180,          100,          200,          
137.1772,     220.209,      1585.505,     609.8723,     100,          530.8,        491.8262,     444.96,       180,          100,          200,          
137.1772,     333.7135,     2402.738,     609.8723,     100,          530.8,        491.8262,     444.96,       180,          100,          200,          
137.1772,     448.0337,     3225.842,     609.8723,     100,          530.8,        491.8262,     444.96,       180,          100,          200,          
137.1772,     646.2059,     4652.683,     609.8723,     100,          530.8,        491.8262,     444.96,       180,          100,          200,          

39.52468,     136.7799,     984.8151,     609.8723,     100,          530.8,        491.8262,     444.96,       180,          100,          200,          
39.52468,     143.0537,     1029.987,     609.8723,     100,          530.8,        491.8262,     444.96,       180,          100,          200,          
39.52468,     110.094,      792.6769,     609.8723,     100,          530.8,        491.8262,     444.96,       180,          100,          200,          
39.52468,     88.6368,      638.185,      609.8723,     100,          530.8,        491.8262,     444.96,       180,          100,          200,          
39.52468,     116.1607,     836.3571,     609.8723,     100,          530.8,        491.8262,     444.96,       180,          100,          200,          
39.52468,     133.9256,     964.2644,     609.8723,     100,          530.8,        491.8262,     444.96,       180,          100,          200,          
39.52468,     151.8237,     1093.13,      609.8723,     100,          530.8,        491.8262,     444.96,       180,          100,          200,          
39.52468,     182.9389,     1317.16,      609.8723,     100,          530.8,        491.8262,     444.96,       180,          100,          200,          
39.52468,     55.67708,     400.875,      609.8723,     100,          530.8,        491.8262,     444.96,       180,          100,          200,          
39.52468,     83.20098,     599.0471,     609.8723,     100,          530.8,        491.8262,     444.96,       180,          100,          200,          
39.52468,     100.9659,     726.9543,     609.8723,     100,          530.8,        491.8262,     444.96,       180,          100,          200,          
39.52468,     118.8639,     855.8203,     609.8723,     100,          530.8,        491.8262,     444.96,       180,          100,          200,          
39.52468,     149.9791,     1079.85,      609.8723,     100,          530.8,        491.8262,     444.96,       180,          100,          200,          

58.16432,     65.28059,     470.0202,     609.8723,     100,          530.8,        491.8262,     444.96,       180,          100,          200,          
58.16432,     102.1316,     735.3475,     609.8723,     100,          530.8,        491.8262,     444.96,       180,          100,          200,          
58.16432,     55.55556,     400,          609.8723,     100,          530.8,        491.8262,     444.96,       180,          100,          200,          
58.16432,     55.55556,     400,          609.8723,     100,          530.8,        491.8262,     444.96,       180,          100,          200,          
58.16432,     73.47231,     529.0007,     609.8723,     100,          530.8,        491.8262,     444.96,       180,          100,          200,          
58.16432,     95.44264,     687.187,      609.8723,     100,          530.8,        491.8262,     444.96,       180,          100,          200,          
58.16432,     117.5106,     846.0765,     609.8723,     100,          530.8,        491.8262,     444.96,       180,          100,          200,          
58.16432,     154.8421,     1114.863,     609.8723,     100,          530.8,        491.8262,     444.96,       180,          100,          200,          
58.16432,     55.55556,     400,          609.8723,     100,          530.8,        491.8262,     444.96,       180,          100,          200,          
58.16432,     55.55556,     400,          609.8723,     100,          530.8,        491.8262,     444.96,       180,          100,          200,          
58.16432,     55.55556,     400,          609.8723,     100,          530.8,        491.8262,     444.96,       180,          100,          200,          
58.16432,     55.55556,     400,          609.8723,     100,          530.8,        491.8262,     444.96,       180,          100,          200,          
58.16432,     104.41,       751.7517,     609.8723,     100,          530.8,        491.8262,     444.96,       180,          100,          200,          

132.7848,     561.9359,     4045.939,     609.8723,     100,          530.8,        491.8262,     444.96,       180,          100,          200,          
132.7848,     758.4507,     5460.845,     609.8723,     100,          530.8,        491.8262,     444.96,       180,          100,          200,          
132.7848,     412.871,      2972.671,     609.8723,     100,          530.8,        491.8262,     444.96,       180,          100,          200,          
132.7848,     228.7039,     1646.668,     609.8723,     100,          530.8,        491.8262,     444.96,       180,          100,          200,          
132.7848,     475.9482,     3426.827,     609.8723,     100,          530.8,        491.8262,     444.96,       180,          100,          200,          
132.7848,     638.6307,     4598.142,     609.8723,     100,          530.8,        491.8262,     444.96,       180,          100,          200,          
132.7848,     803.0588,     5782.023,     609.8723,     100,          530.8,        491.8262,     444.96,       180,          100,          200,          
132.7848,     1098.024,     7905.775,     609.8723,     100,          530.8,        491.8262,     444.96,       180,          100,          200,          
132.7848,     55.55556,     400,          609.8723,     100,          530.8,        491.8262,     444.96,       180,          100,          200,          
132.7848,     165.1558,     1189.122,     609.8723,     100,          530.8,        491.8262,     444.96,       180,          100,          200,          
132.7848,     313.4287,     2256.687,     609.8723,     100,          530.8,        491.8262,     444.96,       180,          100,          200,          
132.7848,     463.1508,     3334.686,     609.8723,     100,          530.8,        491.8262,     444.96,       180,          100,          200,          
132.7848,     729.186,      5250.14,      609.8723,     100,          530.8,        491.8262,     444.96,       180,          100,          200,          

138.8269,     337.4612,     2429.72,      609.8723,     100,          530.8,        491.8262,     444.96,       180,          100,          200,          
138.8269,     386.575,      2783.34,      609.8723,     100,          530.8,        491.8262,     444.96,       180,          100,          200,          
138.8269,     291.262,      2097.086,     609.8723,     100,          530.8,        491.8262,     444.96,       180,          100,          200,          
138.8269,     55.55556,     400,          609.8723,     100,          530.8,        491.8262,     444.96,       180,          100,          200,          
138.8269,     181.5993,     1307.515,     609.8723,     100,          530.8,        491.8262,     444.96,       180,          100,          200,          
138.8269,     312.8298,     2252.375,     609.8723,     100,          530.8,        491.8262,     444.96,       180,          100,          200,          
138.8269,     445.1358,     3204.978,     609.8723,     100,          530.8,        491.8262,     444.96,       180,          100,          200,          
138.8269,     676.6624,     4871.969,     609.8723,     100,          530.8,        491.8262,     444.96,       180,          100,          200,          
138.8269,     55.55556,     400,          609.8723,     100,          530.8,        491.8262,     444.96,       180,          100,          200,          
138.8269,     120.8546,     870.1531,     609.8723,     100,          530.8,        491.8262,     444.96,       180,          100,          200,          
138.8269,     235.2661,     1693.916,     609.8723,     100,          530.8,        491.8262,     444.96,       180,          100,          200,          
138.8269,     350.4944,     2523.56,      609.8723,     100,          530.8,        491.8262,     444.96,       180,          100,          200,          
138.8269,     550.1573,     3961.133,     609.8723,     100,          530.8,        491.8262,     444.96,       180,          100,          200,          

43.319,       270.3113,     1946.241,     609.8723,     100,          530.8,        491.8262,     444.96,       180,          100,          200,          
43.319,       275.728,      1985.242,     609.8723,     100,          530.8,        491.8262,     444.96,       180,          100,          200,          
43.319,       245.1928,     1765.388,     609.8723,     100,          530.8,        491.8262,     444.96,       180,          100,          200,          
43.319,       205.9684,     1482.972,     609.8723,     100,          530.8,        491.8262,     444.96,       180,          100,          200,          
43.319,       240.956,      1734.883,     609.8723,     100,          530.8,        491.8262,     444.96,       180,          100,          200,          
43.319,       263.5847,     1897.81,      609.8723,     100,          530.8,        491.8262,     444.96,       180,          100,          200,          
43.319,       286.3906,     2062.012,     609.8723,     100,          530.8,        491.8262,     444.96,       180,          100,          200,          
43.319,       326.1609,     2348.358,     609.8723,     100,          530.8,        491.8262,     444.96,       180,          100,          200,          
43.319,       175.4331,     1263.118,     609.8723,     100,          530.8,        491.8262,     444.96,       180,          100,          200,          
43.319,       210.4208,     1515.03,      609.8723,     100,          530.8,        491.8262,     444.96,       180,          100,          200,          
43.319,       233.0495,     1677.956,     609.8723,     100,          530.8,        491.8262,     444.96,       180,          100,          200,          
43.319,       255.8553,     1842.158,     609.8723,     100,          530.8,        491.8262,     444.96,       180,          100,          200,          
43.319,       295.6256,     2128.504,     609.8723,     100,          530.8,        491.8262,     444.96,       180,          100,          200,          

46.22552,     323.3393,     2328.043,     1603.864,     100,          530.8,        491.8262,     444.96,       180,          100,          200,          
46.22552,     329.5045,     2372.432,     1603.864,     100,          530.8,        491.8262,     444.96,       180,          100,          200,          
46.22552,     294.7505,     2122.203,     1603.864,     100,          530.8,        491.8262,     444.96,       180,          100,          200,          
46.22552,     243.8718,     1755.877,     1603.864,     100,          530.8,        491.8262,     444.96,       180,          100,          200,          
46.22552,     286.2473,     2060.981,     1603.864,     100,          530.8,        491.8262,     444.96,       180,          100,          200,          
46.22552,     313.7435,     2258.953,     1603.864,     100,          530.8,        491.8262,     444.96,       180,          100,          200,          
46.22552,     341.4695,     2458.581,     1603.864,     100,          530.8,        491.8262,     444.96,       180,          100,          200,          
46.22552,     390.0637,     2808.458,     1603.864,     100,          530.8,        491.8262,     444.96,       180,          100,          200,          
46.22552,     209.1178,     1505.648,     1603.864,     100,          530.8,        491.8262,     444.96,       180,          100,          200,          
46.22552,     251.4933,     1810.752,     1603.864,     100,          530.8,        491.8262,     444.96,       180,          100,          200,          
46.22552,     278.9895,     2008.724,     1603.864,     100,          530.8,        491.8262,     444.96,       180,          100,          200,          
46.22552,     306.7155,     2208.352,     1603.864,     100,          530.8,        491.8262,     444.96,       180,          100,          200,          
46.22552,     355.3096,     2558.229,     1603.864,     100,          530.8,        491.8262,     444.96,       180,          100,          200,          

119.6813,     430.5319,     3099.83,      609.8723,     100,          530.8,        491.8262,     444.96,       180,          100,          200,          
119.6813,     514.9214,     3707.434,     609.8723,     100,          530.8,        491.8262,     444.96,       180,          100,          200,          
119.6813,     401.3897,     2890.006,     609.8723,     100,          530.8,        491.8262,     444.96,       180,          100,          200,          
119.6813,     203.3348,     1464.01,      609.8723,     100,          530.8,        491.8262,     444.96,       180,          100,          200,          
119.6813,     360.5742,     2596.134,     609.8723,     100,          530.8,        491.8262,     444.96,       180,          100,          200,          
119.6813,     462.1187,     3327.255,     609.8723,     100,          530.8,        491.8262,     444.96,       180,          100,          200,          
119.6813,     564.4334,     4063.92,      609.8723,     100,          530.8,        491.8262,     444.96,       180,          100,          200,          
119.6813,     742.4531,     5345.662,     609.8723,     100,          530.8,        491.8262,     444.96,       180,          100,          200,          
119.6813,     107.2912,     772.4965,     609.8723,     100,          530.8,        491.8262,     444.96,       180,          100,          200,          
119.6813,     257.1357,     1851.377,     609.8723,     100,          530.8,        491.8262,     444.96,       180,          100,          200,          
119.6813,     353.6783,     2546.484,     609.8723,     100,          530.8,        491.8262,     444.96,       180,          100,          200,          
119.6813,     450.9169,     3246.601,     609.8723,     100,          530.8,        491.8262,     444.96,       180,          100,          200,          
119.6813,     619.5161,     4460.516,     609.8723,     100,          530.8,        491.8262,     444.96,       180,          100,          200,          

83.87614,     377.1028,     2715.14,      609.8723,     100,          530.8,        491.8262,     444.96,       180,          100,          200,          
83.87614,     453.6832,     3266.519,     609.8723,     100,          530.8,        491.8262,     444.96,       180,          100,          200,          
83.87614,     353.8803,     2547.938,     609.8723,     100,          530.8,        491.8262,     444.96,       180,          100,          200,          
83.87614,     244.5104,     1760.475,     609.8723,     100,          530.8,        491.8262,     444.96,       180,          100,          200,          
83.87614,     348.9843,     2512.687,     609.8723,     100,          530.8,        491.8262,     444.96,       180,          100,          200,          
83.87614,     416.6225,     2999.682,     609.8723,     100,          530.8,        491.8262,     444.96,       180,          100,          200,          
83.87614,     484.8011,     3490.568,     609.8723,     100,          530.8,        491.8262,     444.96,       180,          100,          200,          
83.87614,     603.8794,     4347.932,     609.8723,     100,          530.8,        491.8262,     444.96,       180,          100,          200,          
83.87614,     146.4093,     1054.147,     609.8723,     100,          530.8,        491.8262,     444.96,       180,          100,          200,          
83.87614,     250.182,      1801.311,     609.8723,     100,          530.8,        491.8262,     444.96,       180,          100,          200,          
83.87614,     317.3428,     2284.868,     609.8723,     100,          530.8,        491.8262,     444.96,       180,          100,          200,          
83.87614,     385.0364,     2772.262,     609.8723,     100,          530.8,        491.8262,     444.96,       180,          100,          200,          
83.87614,     503.2046,     3623.073,     609.8723,     100,          530.8,        491.8262,     444.96,       180,          100,          200,          

22.282,       0,            0,            1.5,          1,            1.7,          213.001,      153.264,      101,          51,           51,           
22.282,       0,            0,            1.5,          1,            1.7,          213.001,      153.264,      101,          51,           51,           
22.282,       0,            0,            1.5,          1,            1.7,          213.001,      153.264,      101,          51,           51,           
22.282,       0,            0,            1.5,          1,            1.7,          213.001,      153.264,      101,          51,           51,           
22.282,       0,            0,            1.5,          1,            1.7,          213.001,      153.264,      101,          51,           51,           
22.282,       0,            0,            1.5,          1,            1.7,          213.001,      153.264,      101,          51,           51,           
22.282,       0,            0,            1.5,          1,            1.7,          213.001,      153.264,      101,          51,           51,           
22.282,       0,            0,            1.5,          1,            1.7,          213.001,      153.264,      101,          51,           51,           
22.282,       0,            0,            1.5,          1,            1.7,          213.001,      153.264,      101,          51,           51,           
22.282,       0,            0,            1.5,          1,            1.7,          213.001,      153.264,      101,          51,           51,           
22.282,       0,            0,            1.5,          1,            1.7,          213.001,      153.264,      101,          51,           51,           
22.282,       0,            0,            1.5,          1,            1.7,          213.001,      153.264,      101,          51,           51,           
22.282,       0,            0,            1.5,          1,            1.7,          213.001,      153.264,      101,          51,           51
];
